00000000000000011001001101000101
00000000000000011010101101000000
00000000000000011100010010101000
00000000000000011101111110010011
00000000000000011111110000010111
00000000000000100001101001001110
00000000000000100011101001010000
00000000000000100101110000111001
00000000000000101000000000100111
00000000000000101010011000111000
00000000000000101100111010001100
00000000000000101111100101000110
00000000000000110010011010001011
00000000000000110101011010000001
00000000000000111000100101010000
00000000000000111011111100100110
00000000000000111111100000101110
00000000000001000011010010011011
00000000000001000111010010100000
00000000000001001011100001110011
00000000000001010000000001001111
00000000000001010100110001110000
00000000000001011001110100011001
00000000000001011111001010001101
00000000000001100100110100010110
00000000000001101010110100000001
00000000000001110001001010100001
00000000000001110111111001001011
00000000000001111111000001011100
00000000000010000110100100110110
00000000000010001110100100111111
00000000000010010111000011100110
00000000000010100000000010011101
00000000000010101001100011100000
00000000000010110011101000110001
00000000000010111110010100011010
00000000000011001001101000101100
00000000000011010101101000000011
00000000000011100010010101000001
00000000000011101111110010010110
00000000000011111110000010111001
00000000000100001101001001101100
00000000000100011101001001111111
00000000000100101110000111001100
00000000000101000000000100111010
00000000000101010011000111000001
00000000000101100111010001100010
00000000000101111100101000110100
00000000000110010011010001011000
00000000000110101011010000000101
00000000000111000100101010000011
00000000000111011111100100101100
00000000000111111100000101110010
00000000001000011010010011011000
00000000001000111010010011111110
00000000001001011100001110011000
00000000001010000000001001110101
00000000001010100110001110000001
00000000001011001110100011000101
00000000001011111001010001100111
00000000001100100110100010110000
00000000001101010110100000001010
00000000001110001001010100000101
00000000001110111111001001011000
00000000001111111000001011100011
00000000010000110100100110110001
00000000010001110100100111111100
00000000010010111000011100101111
00000000010100000000010011101010
00000000010101001100011100000011
00000000010110011101000110001010
00000000010111110010100011001110
00000000011001001101000101100000
00000000011010101101000000010100
00000000011100010010101000001011
00000000011101111110010010110001
00000000011111110000010111000110
00000000100001101001001101100010
00000000100011101001001111110111
00000000100101110000111001011110
00000000101000000000100111010100
00000000101010011000111000000101
00000000101100111010001100010100
00000000101111100101000110011100
00000000110010011010001010111111
00000000110101011010000000101001
00000000111000100101010000010110
00000000111011111100100101100010
00000000111111100000101110001100
00000001000011010010011011000011
00000001000111010010011111101111
00000001001011100001110010111100
00000001010000000001001110101000
00000001010100110001110000001010
00000001011001110100011000100111
00000001011111001010001100111000
00000001100100110100010101111111
00000001101010110100000001010001
00000001110001001010100000101100
00000001110111111001001011000100
00000001111111000001011100011000
00000010000110100100110110000110
00000010001110100100111111011110
00000010010111000011100101111001
00000010100000000010011101001111
00000010101001100011100000010101
00000010110011101000110001001110
00000010111110010100011001110001
00000011001001101000101011111110
00000011010101101000000010100010
00000011100010010101000001011000
00000011101111110010010110001000
00000011111110000010111000110000
00000100001101001001101100001100
00000100011101001001111110111100
00000100101110000111001011110001
00000101000000000100111010011111
00000101010011000111000000101001
00000101100111010001100010011101
00000101111100101000110011100010
00000110010011010001010111111100
00000110101011010000000101000101
00000111000100101010000010101111
00000111011111100100101100001111
00000111111100000101110001100001
00001000011010010011011000011001
00001000111010010011111101111000
00001001011100001110010111100010
00001010000000001001110100111101
00001010100110001110000001010011
00001011001110100011000100111001
00001011111001010001100111000100
00001100100110100010101111111000
00001101010110100000001010001001
00001110001001010100000101011111
00001110111111001001011000011110
00001111111000001011100011000001
00010000110100100110110000110010
00010001110100100111111011110000
00010010111000011100101111000101
00010100000000010011101001111011
00010101001100011100000010100101
00010110011101000110001001110010
00010111110010100011001110001000
00011001001101000101011111110000
00011010101101000000010100010011
00011100010010101000001010111110
00011101111110010010110000111101
00011111110000010111000110000011
00100001101001001101100001100011
00100011101001001111110111100000
00100101110000111001011110001001
00101000000000100111010011110101
00101010011000111000000101001011
00101100111010001100010011100101
00101111100101000110011100001111
00110010011010001010111111100000
00110101011010000000101000100101
00111000100101010000010101111011
00111011111100100101100001111010
00111111100000101110001100000110
01000011010010011011000011000110
01000111010010011111101110111111
01001011100001110010111100010010
01010000000001001110100111101010
01010100110001110000001010010101
01011001110100011000100111001001
01011111001010001100111000011111
